alpha     s |  model ms  persist ms  ratio | P(D>100ms)  P(D>1s)   worst ms
  0.1  0.90 |      5.28        5.33   1.01 |     0.0000   0.0000         19
  0.1  0.95 |      6.51        6.65   1.02 |     0.0000   0.0000         19
  0.1  0.99 |      9.96       10.05   1.01 |     0.0000   0.0000         19
  0.1  1.00 |      9.96       10.05   1.01 |     0.0000   0.0000         19
  0.5  0.90 |      2.99        4.22   1.41 |     0.0004   0.0000        372
  0.5  0.95 |      7.00       13.91   1.99 |     0.0119   0.0000        372
  0.5  0.99 |     45.97       97.77   2.13 |     0.2753   0.0000        372
  0.5  1.00 |     45.97       97.77   2.13 |     0.2753   0.0000        372
  0.9  0.90 |      1.72      109.78  64.00 |     0.0233   0.0147    1022212
  0.9  0.95 |      6.38     3186.81 499.36 |     0.1715   0.1184    1022212
  0.9  0.99 |     80.62   137187.73 1701.67 |     0.6966   0.6482    1022212
  0.9  1.00 |     80.62   137187.73 1701.67 |     0.6966   0.6482    1022212
